101100901
101060201
101080701
101220105
101221501
101121601
101120201
101210701
101050701
101181501
101221401
101090701
101080810
101140309
101280101
101140305
101060701
101080407
101080406
101080401
101080403
101080402
101130101
101220101
101201001
101291501
101121501
101291504
101120701
101291507
101070901
101190601
101250501
101110701
101150601
101150603
101210401
101150605
101150604
101150606
101300301
101130401
101140710
101181701
101290312
101290310
101290311
101271907
101190501
101301401
101340104
101340101
101340103
101340102
101150502
101150503
101150501
101150506
101210101
101150505
101090801
101260401
101181101
101270301
101310210
101271906
101160401
101271904
101271905
101271902
101271903
101271901
101051201
101290401
101271908
101060101
101340405
101340401
101340402
101340403
101340404
101230801
101130911
101130910
101201601
101282001
101081102
101081101
101081107
101221701
101070601
101190801
101260412
101260410
101260411
101281501
101301301
101250101
101101100
101280601
101080915
101080914
101080913
101080912
101080911
101080910
101120801
101201501
101140220
101271401
101270401
101160101
101051101
101290101
101200901
101260301
101140307
101140306
101010100
101140303
101140302
101130701
101270901
101300901
101271301
101281601
101230601
101110901
101250601
101160201
101290212
101290211
101290210
101230501
101150803
101340204
101340205
101340202
101340203
101240501
101290806
101290807
101290804
101290805
101290802
101290803
101290801
101290808
101290809
101260607
101271810
101260605
101260603
101260602
101221101
101260609
101260608
101140608
101140708
101180501
101140701
101140703
101140702
101140705
101140707
101140706
101281101
101140609
101251001
101070301
101131103
101131102
101131101
101131107
101131106
101131105
101280701
101190201
101290501
101161008
101161003
101161002
101161001
101161007
101161006
101161005
101161004
101140204
101291503
101291001
101191001
101130808
101140206
101100501
101200401
101291506
101211001
101140201
101060601
101080301
101131408
101220501
101140203
101140501
101131601
101131602
101131603
101310214
101310215
101240801
101272001
101300401
101230301
101210801
101090301
101131405
101140208
101130804
101280501
101310212
101140314
101131401
101080412
101200301
101140310
101080411
101110601
101060501
101291302
101291303
101080601
101291301
101180101
101120301
101050401
101130301
101181401
101260601
101090402
101110300
101130805
101160801
101130801
101161208
101201101
101310211
101150302
101291401
101140709
101100101
101190101
101140304
101241001
101240201
101121401
101230901
101120401
101210503
101210502
101210501
101120601
101050101
101210505
101210504
101150602
101220901
101161206
101130901
101130902
101130903
101130904
101071101
101130906
101130907
101130908
101130909
101190401
101130905
101120901
101281801
101201201
101240101
101121301
101140301
101100601
101050201
101090901
101181001
101080909
101271809
101271808
101160501
101271806
101271805
101271804
101271803
101271802
101131003
101110501
101140213
101140212
101140211
101310208
101140217
101140216
101140214
101310203
101310202
101310201
101140218
101310207
101310206
101310205
101220301
101130607
101130606
101130605
101130604
101130603
101130602
101130601
101040100
101201701
101130608
101081203
101290601
101070701
101250801
101290602
101281201
101301201
101250201
101101001
101060309
101150715
101150714
101271701
101270501
101160601
101290208
101290209
101290204
101051002
101290206
101290207
101290201
101200801
101290203
101140601
101140602
101130803
101310221
101140603
101210201
101301101
101260801
101260802
101260804
101140605
101260201
101070401
101131002
101271201
101281701
101270601
101110801
101250700
101160301
101131104
101240401
101290901
101150303
101081011
101081010
101081012
101081015
101081014
101310222
101221201
101070101
101010300
101180601
101161009
101271807
101180801
101080901
101260610
101260611
101050801
101080903
101131201
101131203
101131204
101290608
101271801
101240601
101230701
101290603
101290604
101290605
101290606
101290607
101161301
101121001
101030100
101191101
101310209
101140210
101200701
101111001
101290810
101110200
101140509
101140508
101160901
101140503
101140502
101080201
101140507
101140506
101140505
101140504
101220401
101281301
101150504
101060901
101140219
101300506
101300501
101210901
101251201
101191201
101280401
101310204
101271101
101272101
101241101
101110101
101291207
101291205
101291204
101291203
101291201
101131011
101180201
101220701
101050501
101181301
101090501
101091101
101080904
101300601
101251504
101251505
101251506
101251507
101251501
101251502
101251503
101100801
101251508
101280301
101200101
101100201
101310101
101220201
101071301
101121701
101120501
101210601
101050601
101181601
101150806
101271909
101220801
101150802
101150801
101090601
101300101
101271811
101271812
101271813
101271814
101271815
101271816
101271817
101271818
101150202
101130809
101140205
101060401
101080501
101140202
101131409
101131406
101131407
101310216
101130802
101071001
101140209
101130807
101130806
101130201
101281901
101201301
101291603
101291601
101121201
101291605
101240301
101100701
101050301
101070801
101190701
101250401
101270101
101130912
101080801
101080803
101080802
101060308
101340406
101110401
101060304
101060305
101060307
101060301
101060302
101060303
101130504
101130501
101130502
101290205
101250301
101130612
101150205
101150204
101250901
101150206
101150201
101150203
101290304
101271601
101181201
101270201
101160701
101290305
101051301
101290307
101290306
101290301
101290303
101290302
101290309
101290308
101150708
101150709
101150701
101210301
101301001
101282101
101081001
101050901
101081004
101081005
101260101
101070501
101271501
101281401
101270701
101271911
101271910
101271913
101271912
101201401
101131402
101240701
101121101
101200601
101020100
101260405
101260404
101260407
101260406
101221301
101260403
101260402
101260409
101260408
101180701
101140312
101140313
101080404
101180901
101140311
101300801
101271001
101081003
101200501
101140510
101140511
101131301
101131303
101131302
101131305
101131304
101131307
101131306
101081006
101290701
101230401
101161201
101161203
101161202
101161205
101161204
101161207
101150101
101290202
101180401
101080101
101131008
101131009
101140604
101140101
101140606
101140607
101071401
101281001
101131001
101131006
101131007
101060801
101131005
101300201
101090101
101251101
101070201
101270801
101191301
101190301
101230101
101161102
101161103
101161101
101161107
101161104
101161105
101291101
101180301
101100401
101120101
101211101
101090201
101221002
101260701
101220601
101131504
101131503
101131502
101131501
101091001
101240901
101300701
101280800
101280901
101251401
101161401
101190901
101280201
101140401
101230201
101100301
